1
学院路联合大学
智乃
呆粉王
+53.7	
+25.8	
+48.5	
+23.4	
+3.7	
+7.9	
+163	
1
2
浙江大学
打鸟
打鸟
+23.4	
+31.5	
+11.4	
+22.1	
+5.4	
+62	
+155.8	
1
3
上海对外经贸大学
檀姐姐
总裁
-14.7	
+38.8	
+17	
+40.4	
+13.5	
+39.2	
+134.2	
1
4
复旦大学
taku39
hatsune
+42.3	
+34.2	
+0.2	
+7.8	
+15.3	
+33.9	
+133.7	
1
5
华东理工大学
华东理工大学
Kuuura
+35.7	
+16.4	
+23.7	
-9.7	
+13.2	
+48.5	
+127.8	
1
6
浙江大学
Sapphire
こころ
+29.3	
-1.5	
+48.1	
+12.7	
+28	
+8	
+124.6	
1
7
上海理工大学
朝武芳乃
朝武芳乃
-25.5	
+42.4	
-4.3	
+28.3	
+38.4	
+43.6	
+122.9	
1
8
复旦大学
JuDas
FDUJuDas
+97.3	
-14.5	
+4.6	
-16.7	
+28.5	
+23	
+122.2	
1
9
上海海事大学
奈落
奈落
+6.1	
+39	
+46.3	
-6	
+32.7	
+3.8	
+121.9	
1
10
同济大学
小萱萱
我就是小萱萱啊
+31.9	
-6.8	
+3.6	
+42.2	
+30.3	
+10.5	
+111.7	
1
11
上海大学
主狙
主播狙击手
+17.6	
+42	
+6.7	
-11	
+33.3	
+15.4	
+104	
1
12
同济大学
百景
百景
+9.6	
+10.3	
+53	
+18.6	
+11.4	
+1	
+103.9	
1
13
上海立信会计金融学院
jj
真绫
+19.2	
-20.9	
+41.9	
+65.4	
+22	
-26.2	
+101.4	
1
14
上海应用技术大学
天集
天集
+26.4	
+22	
+13.4	
+4.9	
+11.9	
+20.7	
+99.3	
1
15
浙江大学
次次
抱回我的鱼
+6.8	
+16	
-10.3	
+51.8	
+2.4	
+30.7	
+97.4	
1
16
上海电力大学
九国
九國
-22.9	
+9.8	
+35.8	
+24.3	
+22.1	
+27.8	
+96.9	
1
17
南京大学
程天舒
fractureray
+36.8	
+36.3	
+5.6	
+14.8	
-41.4	
+41.9	
+94	
1
18
上海立信会计金融学院
Amatsuka
Amatsuka
+53.6	
-27.2	
+23.3	
+1.5	
+9.5	
+33.2	
+93.9	
1
19
南京大学
小星
萧萧班马鸣丶
+14.3	
+42.7	
-22.5	
-14.1	
+27.4	
+39.6	
+87.4	
1
20
华东理工大学
自摸汪
汪汪自摸哒
+35.5	
-10.8	
+2.1	
+28.3	
+6.7	
+25	
+86.8	
1
21
南京大学
雪菜
北原雪菜i
+6.8	
+30.7	
+52.2	
+9.8	
-42.3	
+28.6	
+85.8	
1
22
上海财经大学
madoka
我中包F4
+5.2	
+29.3	
-1.2	
+14.7	
+26.3	
+9.8	
+84.1	
1
23
上海海事大学
拉哈鲁
拉哈鲁
+55.2	
+14.4	
+22.5	
+5.6	
-11.3	
-5.5	
+80.9	
1
24
复旦大学
可非宝宝
可非宝宝
-5.5	
+26.8	
+24.5	
+16.5	
+61.2	
-43	
+80.5	
1
25
上海工程技术大学
南浦
南帝南浦
+1.2	
+9.9	
-25.1	
+33.2	
+40.9	
+18.6	
+78.7	
1
26
上海海洋大学
啦啦啦
lzewfis
+52.3	
-23.6	
-18.7	
+23.2	
-6.4	
+45.9	
+72.7	
1
27
上海师范大学
华舞
回旋华舞
-18.7	
-25.2	
+29.4	
+11.6	
+37.1	
+32.7	
+66.9	
1
28
上海海洋大学
Celina
Celina
+28.5	
+33	
+2.3	
-27.2	
+4.6	
+25.7	
+66.9	
1
29
上海师范大学
棉花糖
檰椛餹。
-4.6	
+11	
+3.1	
+23.1	
+32.6	
+1.5	
+66.7	
1
30
复旦大学
Munich
地表最强铳手
-41.6	
+11.7	
+17.6	
+36.6	
+12.8	
+22.4	
+59.5	
1
31
上海师范大学
纸箱
浮小云同学
+6.1	
-5.4	
-14.2	
+25.2	
+36	
+11.6	
+59.3	
1
32
华东理工大学
とき
園城寺丶怜
+41.4	
-9.5	
+44.8	
-17.2	
-4.9	
+2.6	
+57.2	
1
33
华东理工大学
战舰比叡
战舰比叡
+30.3	
+22	
-14.4	
+19.9	
+19.1	
-20.2	
+56.7	
1
34
上海外国语大学
Oreoreoreo
Oreoreoreo
+21.2	
+30.5	
-9.8	
+17.4	
-28.3	
+23.9	
+54.9	
1
35
华东师范大学
Abtinmuth
Abtinmuth
-10.1	
+43.5	
+27.9	
+6.3	
-9.9	
-4.7	
+53	
1
36
上海政法学院
番茄幺九
番茄浓汤
-8.4	
+35.5	
-30.7	
+28.5	
+22.6	
+5	
+52.5	
1
37
同济大学
弦卷kkr
弦卷kkr
-9.4	
+22.3	
+30.9	
+14.3	
-14.5	
+7.2	
+50.8	
1
38
东南大学
我永远喜欢北原和纱
紫葳
+30.1	
-40.1	
+46.7	
-12.6	
+32.1	
-9	
+47.2	
1
39
上海海洋大学
小葱
小葱
+33	
+31.7	
+33.5	
-29.1	
-13.7	
-9.7	
+45.7	
1
40
东华大学
便当
恋ヶ崎みやび
+5	
-27.2	
-18	
+49.4	
+3.8	
+32.7	
+45.7	
1
41
上海应用技术大学
小D
Deuge
-4.7	
+27.7	
+24.4	
+30.7	
-40.3	
+7.3	
+45.1	
1
42
上海理工大学
萧晓筱
萧晓筱
-16.1	
+12.9	
-7.9	
+39.8	
-13.1	
+27.3	
+42.9	
1
43
上海海事大学
山風
トトリ先生19岁
-9.9	
-12.6	
-8.2	
+29.1	
+26.9	
+16.8	
+42.1	
1
44
上海理工大学
都都
~绘里~
-19.6	
-33	
+45.7	
-19.5	
+23.3	
+44.4	
+41.3	
1
45
上海对外经贸大学
yukino
yukinoshita
-14.1	
+13.2	
-28.3	
+2.5	
+33.3	
+34.4	
+41	
1
46
复旦大学
呆粉
史无才
-15.6	
+10.1	
-18.5	
+16.3	
+12.3	
+35.8	
+40.4	
1
47
上海政法学院
熊仔乐
熊仔乐
+19.5	
+5.8	
-5.7	
-17.2	
+39.8	
-3.9	
+38.3	
1
48
复旦大学
云树绕堤沙
云树绕堤沙
+23	
+28.2	
-11.6	
-26.7	
-4.6	
+29.6	
+37.9	
1
49
上海师范大学
三黑
三黑Sensei
-21.3	
+30.2	
+11.9	
+12.8	
-32.2	
+36.1	
+37.5	
1
50
上海海洋大学
七七
XROS
+32.9	
-10.6	
+5.3	
-17.6	
-4.3	
+31.7	
+37.4	
1
51
上海工程技术大学
作死的小寿司
作死的小寿司
-9.1	
-14	
+15.6	
+26.7	
+33	
-16.8	
+35.4	
1
52
上海海事大学
jinx
绝情的舔狗
-15.2	
-27.3	
+30.7	
-20.3	
+45.7	
+20.6	
+34.2	
1
53
上海师范大学
劣人
低智商劣人
-11.8	
+4.2	
+9.5	
+32.1	
-22.7	
+22.8	
+34.1	
1
54
上海立信会计金融学院
找本海豹莉何事
莉莉丝酱超级菜
+12.3	
+21.6	
-24.9	
+10	
+28.7	
-14.2	
+33.5	
1
55
学院路联合大学
爆裂狂惠惠
爆裂狂惠惠
-23.1	
+60.2	
+31.8	
-8.5	
-23.1	
-6.6	
+30.7	
1
56
上海外国语大学
祭酒
祭酒
-2.4	
+44.6	
+6.2	
-14.3	
+27	
-31.1	
+30	
1
57
同济大学
Ayase
OgisoSetsu
+6.2	
+9.7	
-3.9	
-31	
+21.2	
+27.8	
+30	
1
58
上海师范大学
咩咩子
咩咩子最可爱了
-32	
+13.9	
+25.7	
+20.8	
+26.7	
-26.3	
+28.8	
1
59
上海理工大学
岸田夏海
岸田夏海
-40.1	
+39.4	
+25.1	
+13.8	
-36.6	
+27.1	
+28.7	
1
60
上海电力大学
QB
朝倉康心
+20.4	
+13.7	
+3.5	
+51.3	
-18	
-42.2	
+28.7	
1
61
上海电力大学
戯言
巴哈姆特
+10.4	
+10.5	
-33.8	
+33.7	
-6.2	
+9.6	
+24.2	
1
62
上海交通大学
卡布
剧毒术士卡布达
-8.8	
+6.7	
-7.9	
+24.5	
+48.2	
-38.6	
+24.1	
1
63
华东政法大学
蓝鹰
XBlueStarX
+15.9	
-8.3	
-26.4	
+28.6	
+23.9	
-9.7	
+24	
1
64
学院路联合大学
冷包
冷包
-34.3	
+24.8	
+27.2	
-14.2	
+11	
+9.4	
+23.9	
1
65
浙江大学
Mura
Mura_Gensokyo
-13.1	
+18.7	
+15	
-9.6	
+30.5	
-19.7	
+21.8	
1
66
学院路联合大学
小弓
大場奈奈
-22.1	
-18.5	
+10.5	
+45.7	
+35.3	
-29.1	
+21.8	
1
67
上海外国语大学
我要捉柴
我要捉柴
-4.3	
-3.2	
-11.8	
-11.4	
+30.2	
+22	
+21.5	
1
68
上海海洋大学
gloriadk
gloriadk
+50.5	
+26.9	
-32.4	
-10.6	
-42.6	
+29.3	
+21.1	
1
69
上海交通大学
1uka
111111uka
-43.9	
+9.5	
-5.7	
+32.4	
-5.3	
+33.6	
+20.6	
1
70
上海财经大学
Juice
Juice
-6.6	
-30.7	
+35.7	
+42.6	
-33.1	
+12.1	
+20	
1
71
上海理工大学
无情的舔狗
无情的舔狗
+29.9	
-0.2	
-11.8	
+34.3	
-17.7	
-18.3	
+16.2	
1
72
上海交通大学
无尽循环
无尽循环
+38.4	
-13.5	
+14.2	
-18.9	
+12.9	
-17.8	
+15.3	
1
73
上海大学
夜猫子Rex
夜猫子Rex
+14.4	
+34.4	
-33.8	
-10	
+7.3	
+2.3	
+14.6	
1
74
上海大学
小鱼儿
小鱼儿。
-2.9	
-22.2	
+16.1	
+4.6	
+8.4	
+9.9	
+13.9	
1
75
南京大学
耶耶饲养员
kashihiro
+6.5	
-41.1	
+15.3	
+10.2	
+36.2	
-14.7	
+12.4	
1
76
上海政法学院
帅的人
影山茂夫的老婆
+51	
+32.8	
-30	
-6.1	
-2.5	
-35.5	
+9.7	
1
77
上海海洋大学
冄月
冄月sama
+9.4	
+48.4	
-50.5	
-7.8	
+14.2	
-6	
+7.7	
1
78
上海海事大学
昆西昆
天才麻将少女昆西
-5.1	
+34	
+40.8	
+10.3	
-46.5	
-27.4	
+6.1	
1
79
上海交通大学
甜菜
甜菜麻酱杏杏
-29.4	
+12.8	
-44	
-12.3	
+41.6	
+36.6	
+5.3	
1
80
上海大学
xtd
想太多
-24.8	
+35	
-7.5	
+8.6	
+9.1	
-15.8	
+4.6	
1
81
上海对外经贸大学
一个好孩子
一个好孩子
+15.3	
-24.6	
-16.4	
+13.2	
+9.5	
+6.7	
+3.7	
1
82
华东政法大学
鹤丸国永
QeqE
+12.4	
-11.9	
+20.1	
-36.5	
+38	
-19.1	
+3	
1
83
南京大学
Yu
1283131
+9.8	
+2.1	
+25.6	
+11.4	
-4.2	
-42.6	
+2.1	
1
84
同济大学
chawu
茶屋
-40.9	
-9.4	
-10.6	
+22.2	
+23.6	
+16.8	
+1.7	
1
85
上海立信会计金融学院
最弱全败QB
海底捞月QB酱
-40.5	
+35.6	
-15.5	
-20.9	
+35.7	
+6.2	
+0.6	
1
86
东华大学
小草帽
载人飞天小艹帽
-27.5	
+34.9	
-5.1	
+7.7	
+7.9	
-19.1	
-1.2	
1
87
上海应用技术大学
宫尾美也
宫尾美也
-29.4	
+57.6	
+15.6	
-14.4	
+9.9	
-40.9	
-1.6	
1
88
华东政法大学
车知珞
华丽丽的知珞酱
-42.6	
+68.1	
-26.9	
-9.8	
-1.6	
+9.6	
-3.2	
1
89
上海财经大学
Meguru
因幡爱瑠酱
-41	
+47.4	
-16.6	
-6.4	
-19.5	
+31.6	
-4.5	
1
90
华东理工大学
药丸233
药丸233
-12.7	
-12.6	
-26.6	
+5	
+9.7	
+31.8	
-5.4	
1
91
上海对外经贸大学
踢踢
时迟qwq
+19.6	
-8.9	
+24.6	
-13.7	
-6.4	
-20.9	
-5.7	
1
92
上海外国语大学
kagero
華陽炎
+13.3	
-7.2	
+32.4	
-33.1	
-23	
+9.5	
-8.1	
1
93
上海对外经贸大学
toi
toi
-12.3	
-4.4	
-30.7	
-15.5	
+38.2	
+16.1	
-8.6	
1
94
上海理工大学
榊
四风连打
-37.9	
+26.1	
-31.4	
-43.5	
+37.6	
+39.9	
-9.2	
1
95
东南大学
Mew's
鹤贺_梦幻
-18.3	
+10.6	
+25.9	
-14.7	
-5	
-7.8	
-9.3	
1
96
上海立信会计金融学院
BTcrazy
BTcrazy
+35.3	
-30	
-18.3	
-19.4	
+41.5	
-18.8	
-9.7	
1
97
上海电力大学
上海电力大学
大袖揽清风
+1.6	
+22.1	
+25.4	
-2.3	
-16.9	
-40.3	
-10.4	
1
98
上海交通大学
水鱼
菠菜麻酱杏杏
+21.6	
+49.3	
-26.6	
-26.9	
-19.7	
-8.4	
-10.7	
1
99
上海应用技术大学
只和六倍役满
只和六倍役满
+65.5	
-68.8	
+24.6	
+9.5	
-35	
-6.5	
-10.7	
1
100
上海科技大学
留明待月复
留明待月复
-7	
-5	
-10.8	
+17.6	
+34.3	
-39.9	
-10.8	
1
101
上海海洋大学
MAO
前川みく
-21.5	
-44.9	
+9.9	
+24.9	
+27.4	
-7.6	
-11.8	
1
102
上海大学
芋仔
芋仔
+11.5	
-11.5	
-1.8	
+6.9	
+9.1	
-26.7	
-12.5	
1
103
上海应用技术大学
Mistypic
Mistypic
+43.3	
-15	
+6.3	
+26.9	
-40.5	
-34.5	
-13.5	
1
104
上海对外经贸大学
啦啦啦
请叫我安度因
+30	
-37.3	
-11.6	
+5.8	
+29	
-30.4	
-14.5	
1
105
上海财经大学
Nebula
MinaKamiYuki
-17.5	
-18.2	
+2.1	
-8.1	
+27.5	
-1.6	
-15.8	
1
106
上海财经大学
兰天
菜鸡研究牌谱
+3.6	
+10	
+4.5	
-40.2	
-25.9	
+32.1	
-15.9	
1
107
上海立信会计金融学院
哲学
pupa321
+7.1	
-35.8	
+37.7	
+7.2	
-16.5	
-16.3	
-16.6	
1
108
上海财经大学
大萌比
大萌比
+6.1	
-14.6	
-17.7	
-32	
+13.7	
+27.1	
-17.4	
1
109
上海电力大学
半夕蝶梦
半夕蝶夢
-1.7	
+27.4	
-40.5	
+3.1	
+40.2	
-46.5	
-18	
1
110
浙江大学
鸭鸭子子菌子
鸭子菌
+12.3	
-23.7	
+9	
-30.1	
+3.6	
+10.9	
-18	
1
111
上海应用技术大学
音箱
音箱箱
-22.8	
+17	
+10	
+2.7	
+13.4	
-44	
-23.7	
1
112
华东理工大学
冰音琉
冰音琉
-51	
+9.1	
-8.6	
-24.4	
+13.9	
+37.2	
-23.8	
1
113
上海电力大学
灵族小狐妖
灵族小狐妖
+28.2	
-21.1	
-3.4	
-29	
-9.2	
+8.6	
-25.9	
1
114
华东师范大学
ecnucc
ecnucc
-16.9	
-6.3	
+7.1	
+26.3	
-32.3	
-6.3	
-28.4	
1
115
东南大学
萌新珂学家
萌新珂学家
-5.9	
+8.5	
-31.7	
-2.1	
+13.3	
-12.3	
-30.2	
1
116
复旦大学
根派
无番和
-45.4	
-25.9	
-41.6	
+32.2	
+24.7	
+23	
-33	
1
117
上海交通大学
R
2-3
-37.9	
+5.2	
-10.3	
+26.9	
-38.8	
+10.3	
-44.6	
1
118
南京大学
d9
d9
+2.6	
-1.3	
-4.3	
+2.6	
-15.8	
-28.6	
-44.8	
1
119
华东理工大学
喵呜呜·
喵喵喵斯基
+25.3	
+50.3	
-28.4	
-28.9	
-22.6	
-45.7	
-50	
1
120
上海外国语大学
水平缐
wowaka
+12.6	
+3.3	
-7.8	
+5	
-27.5	
-36	
-50.4	
1
121
上海交通大学
摸摸
生菜麻酱杏杏
-45	
-42.7	
-10.1	
+40.5	
+14.1	
-8.8	
-52	
1
122
上海财经大学
Jiaqi
ChXiao
+30.1	
-4.9	
-26.5	
-16.2	
-4.7	
-29.9	
-52.1	
1
123
上海海事大学
天才放铳少女
アキラキラアキ
+13.6	
-8.7	
-24.8	
+13.6	
-23.6	
-22.7	
-52.6	
1
124
南京大学
蓝海
蓝海Gil
-18	
-30.1	
+12.1	
+7.4	
-5.2	
-26.5	
-60.3	
1
125
上海应用技术大学
勇士
Mimikyu
-23.6	
-37.8	
+17.3	
+4.1	
-13.8	
-18.1	
-71.9	
1
126
上海立信会计金融学院
ein
Ein
+10.6	
-10.5	
+9.3	
-21.3	
-39.7	
-25	
-76.6	
1
127
上海大学
莠
GrassShow
+3.6	
-14.7	
+22	
-44.3	
-40.9	
-3.9	
-78.2	
1
128
上海应用技术大学
殒落
傀儡丶殒落
+14.9	
-49.1	
-43.7	
+31.2	
-26.2	
-26.9	
-99.8	
1